Nr   tilename      min_lat       max_lat    min_lon      max_lon  #data_pts #no-data_pts
----------------------------------------------------------------------------------------
  1   N00E005       0.0010       4.9990       5.0010       9.9990  1541717  4708283
  2   N00E010       0.0010       4.9990      10.0010      14.9990  6250000        0
  3   N00E015       0.0010       4.9990      15.0010      19.9990  6250000        0
  4   N00E020       0.0010       4.9990      20.0010      24.9990  6250000        0
  5   N00E025       0.0010       4.9990      25.0010      29.9990  6250000        0
  6   N00E030       0.0010       4.9990      30.0010      34.9990  6250000        0
  7   N00E035       0.0010       4.9990      35.0010      39.9990  6250000        0
  8   N00E040       0.0010       4.9990      40.0010      44.9990  5783917   466083
  9   N00E045       0.0010       4.9990      45.0010      49.9990  1629115  4620885
 10   N00E070       0.0010       4.9990      70.0010      74.9990   606427  5643573
 11   N00E095       0.0010       4.9990      95.0010      99.9990  3036559  3213441
 12   N00E100       0.0010       4.9990     100.0010     104.9990  4435233  1814767
 13   N00E105       0.0010       4.9990     105.0010     109.9990  1164448  5085552
 14   N00E110       0.0010       4.9990     110.0010     114.9990  4128739  2121261
 15   N00E115       0.0010       4.9990     115.0010     119.9990  4283792  1966208
 16   N00E120       0.0010       4.9990     120.0010     124.9990  1121868  5128132
 17   N00E125       0.0010       4.9990     125.0010     129.9990  1243179  5006821
 18   N00E130       0.0010       4.9990     130.0010     134.9990   141548  6108452
 19   N00E150       0.0010       4.9990     150.0010     154.9990    22186  6227814
 20   N00E155       0.0010       4.9990     155.0010     159.9990     2954  6247046
 21   N00E165       0.0010       4.9990     165.0010     169.9990    19481  6230519
 22   N00E170       0.0010       4.9990     170.0010     174.9990   201075  6048925
 23   N00W005       0.0010       4.9990      -4.9990      -0.0010    71475  6178525
 24   N00W010       0.0010       4.9990      -9.9990      -5.0010   358050  5891950
 25   N00W050       0.0010       4.9990     -49.9990     -45.0010   125414  6124586
 26   N00W055       0.0010       4.9990     -54.9990     -50.0010  5475999   774001
 27   N00W060       0.0010       4.9990     -59.9990     -55.0010  6250000        0
 28   N00W065       0.0010       4.9990     -64.9990     -60.0010  6250000        0
 29   N00W070       0.0010       4.9990     -69.9990     -65.0010  6250000        0
 30   N00W075       0.0010       4.9990     -74.9990     -70.0010  6250000        0
 31   N00W080       0.0010       4.9990     -79.9990     -75.0010  4426280  1823720
 32   N00W085       0.0010       4.9990     -84.9990     -80.0010    46459  6203541
 33   N00W090       0.0010       4.9990     -89.9990     -85.0010     8438  6241562
 34   N00W095       0.0010       4.9990     -94.9990     -90.0010    82406  6167594
 35   N00W160       0.0010       4.9990    -159.9990    -155.0010    74783  6175217
 36   N00W165       0.0010       4.9990    -164.9990    -160.0010    11686  6238314
 37   N00W180       0.0010       4.9990    -179.9990    -175.0010    17985  6232015
 38   N05E000       5.0010       9.9990       0.0010       4.9990  4892848  1357152
 39   N05E005       5.0010       9.9990       5.0010       9.9990  6220782    29218
 40   N05E010       5.0010       9.9990      10.0010      14.9990  6250000        0
 41   N05E015       5.0010       9.9990      15.0010      19.9990  6250000        0
 42   N05E020       5.0010       9.9990      20.0010      24.9990  6250000        0
 43   N05E025       5.0010       9.9990      25.0010      29.9990  6250000        0
 44   N05E030       5.0010       9.9990      30.0010      34.9990  6250000        0
 45   N05E035       5.0010       9.9990      35.0010      39.9990  6250000        0
 46   N05E040       5.0010       9.9990      40.0010      44.9990  6250000        0
 47   N05E045       5.0010       9.9990      45.0010      49.9990  5695692   554308
 48   N05E050       5.0010       9.9990      50.0010      54.9990   319333  5930667
 49   N05E070       5.0010       9.9990      70.0010      74.9990   355613  5894387
 50   N05E075       5.0010       9.9990      75.0010      79.9990  1342413  4907587
 51   N05E080       5.0010       9.9990      80.0010      84.9990  1442116  4807884
 52   N05E090       5.0010       9.9990      90.0010      94.9990   223351  6026649
 53   N05E095       5.0010       9.9990      95.0010      99.9990  1761549  4488451
 54   N05E100       5.0010       9.9990     100.0010     104.9990  1714804  4535196
 55   N05E105       5.0010       9.9990     105.0010     109.9990   434881  5815119
 56   N05E110       5.0010       9.9990     110.0010     114.9990    21854  6228146
 57   N05E115       5.0010       9.9990     115.0010     119.9990  1896250  4353750
 58   N05E120       5.0010       9.9990     120.0010     124.9990  2333881  3916119
 59   N05E125       5.0010       9.9990     125.0010     129.9990  1396727  4853273
 60   N05E130       5.0010       9.9990     130.0010     134.9990   105745  6144255
 61   N05E135       5.0010       9.9990     135.0010     139.9990    72352  6177648
 62   N05E140       5.0010       9.9990     140.0010     144.9990    66361  6183639
 63   N05E145       5.0010       9.9990     145.0010     149.9990   111636  6138364
 64   N05E150       5.0010       9.9990     150.0010     154.9990   282095  5967905
 65   N05E155       5.0010       9.9990     155.0010     159.9990   126353  6123647
 66   N05E160       5.0010       9.9990     160.0010     164.9990    51694  6198306
 67   N05E165       5.0010       9.9990     165.0010     169.9990   417353  5832647
 68   N05E170       5.0010       9.9990     170.0010     174.9990   272272  5977728
 69   N05W005       5.0010       9.9990      -4.9990      -0.0010  6137137   112863
 70   N05W010       5.0010       9.9990      -9.9990      -5.0010  6185063    64937
 71   N05W015       5.0010       9.9990     -14.9990     -10.0010  2763584  3486416
 72   N05W055       5.0010       9.9990     -54.9990     -50.0010   500750  5749250
 73   N05W060       5.0010       9.9990     -59.9990     -55.0010  2350415  3899585
 74   N05W065       5.0010       9.9990     -64.9990     -60.0010  5985187   264813
 75   N05W070       5.0010       9.9990     -69.9990     -65.0010  6250000        0
 76   N05W075       5.0010       9.9990     -74.9990     -70.0010  6129456   120544
 77   N05W080       5.0010       9.9990     -79.9990     -75.0010  3696014  2553986
 78   N05W085       5.0010       9.9990     -84.9990     -80.0010  1852690  4397310
 79   N05W090       5.0010       9.9990     -89.9990     -85.0010    79578  6170422
 80   N05W165       5.0010       9.9990    -164.9990    -160.0010    23271  6226729
 81   N10E000      10.0010      14.9990       0.0010       4.9990  6250000        0
 82   N10E005      10.0010      14.9990       5.0010       9.9990  6250000        0
 83   N10E010      10.0010      14.9990      10.0010      14.9990  6250000        0
 84   N10E015      10.0010      14.9990      15.0010      19.9990  6250000        0
 85   N10E020      10.0010      14.9990      20.0010      24.9990  6250000        0
 86   N10E025      10.0010      14.9990      25.0010      29.9990  6250000        0
 87   N10E030      10.0010      14.9990      30.0010      34.9990  6250000        0
 88   N10E035      10.0010      14.9990      35.0010      39.9990  6250000        0
 89   N10E040      10.0010      14.9990      40.0010      44.9990  5050689  1199311
 90   N10E045      10.0010      14.9990      45.0010      49.9990  3055952  3194048
 91   N10E050      10.0010      14.9990      50.0010      54.9990   854678  5395322
 92   N10E070      10.0010      14.9990      70.0010      74.9990   470857  5779143
 93   N10E075      10.0010      14.9990      75.0010      79.9990  5832709   417291
 94   N10E080      10.0010      14.9990      80.0010      84.9990   212905  6037095
 95   N10E090      10.0010      14.9990      90.0010      94.9990   472408  5777592
 96   N10E095      10.0010      14.9990      95.0010      99.9990  2580167  3669833
 97   N10E100      10.0010      14.9990     100.0010     104.9990  4390791  1859209
 98   N10E105      10.0010      14.9990     105.0010     109.9990  5009993  1240007
 99   N10E110      10.0010      14.9990     110.0010     114.9990    50364  6199636
100   N10E115      10.0010      14.9990     115.0010     119.9990   387211  5862789
101   N10E120      10.0010      14.9990     120.0010     124.9990  3958895  2291105
102   N10E125      10.0010      14.9990     125.0010     129.9990   432161  5817839
103   N10E135      10.0010      14.9990     135.0010     139.9990    16212  6233788
104   N10E140      10.0010      14.9990     140.0010     144.9990    48535  6201465
105   N10E145      10.0010      14.9990     145.0010     149.9990    38345  6211655
106   N10E160      10.0010      14.9990     160.0010     164.9990    42476  6207524
107   N10E165      10.0010      14.9990     165.0010     169.9990   246263  6003737
108   N10E170      10.0010      14.9990     170.0010     174.9990    28754  6221246
109   N10W005      10.0010      14.9990      -4.9990      -0.0010  6250000        0
110   N10W010      10.0010      14.9990      -9.9990      -5.0010  6250000        0
111   N10W015      10.0010      14.9990     -14.9990     -10.0010  6185370    64630
112   N10W020      10.0010      14.9990     -19.9990     -15.0010  1858145  4391855
113   N10W025      10.0010      14.9990     -24.9990     -20.0010    60941  6189059
114   N10W060      10.0010      14.9990     -59.9990     -55.0010    37410  6212590
115   N10W065      10.0010      14.9990     -64.9990     -60.0010  1107561  5142439
116   N10W070      10.0010      14.9990     -69.9990     -65.0010  1391395  4858605
117   N10W075      10.0010      14.9990     -74.9990     -70.0010  2045371  4204629
118   N10W080      10.0010      14.9990     -79.9990     -75.0010   152375  6097625
119   N10W085      10.0010      14.9990     -84.9990     -80.0010  2121374  4128626
120   N10W090      10.0010      14.9990     -89.9990     -85.0010  3523104  2726896
121   N10W095      10.0010      14.9990     -94.9990     -90.0010   659260  5590740
122   N10W110      10.0010      14.9990    -109.9990    -105.0010    10637  6239363
123   N15E000      15.0010      19.9990       0.0010       4.9990  6250000        0
124   N15E005      15.0010      19.9990       5.0010       9.9990  6250000        0
125   N15E010      15.0010      19.9990      10.0010      14.9990  6250000        0
126   N15E015      15.0010      19.9990      15.0010      19.9990  6250000        0
127   N15E020      15.0010      19.9990      20.0010      24.9990  6250000        0
128   N15E025      15.0010      19.9990      25.0010      29.9990  6250000        0
129   N15E030      15.0010      19.9990      30.0010      34.9990  6250000        0
130   N15E035      15.0010      19.9990      35.0010      39.9990  4946315  1303685
131   N15E040      15.0010      19.9990      40.0010      44.9990  4734254  1515746
132   N15E045      15.0010      19.9990      45.0010      49.9990  6250000        0
133   N15E050      15.0010      19.9990      50.0010      54.9990  5032984  1217016
134   N15E055      15.0010      19.9990      55.0010      59.9990  1400671  4849329
135   N15E070      15.0010      19.9990      70.0010      74.9990  2411645  3838355
136   N15E075      15.0010      19.9990      75.0010      79.9990  6250000        0
137   N15E080      15.0010      19.9990      80.0010      84.9990  3781351  2468649
138   N15E085      15.0010      19.9990      85.0010      89.9990   143081  6106919
139   N15E090      15.0010      19.9990      90.0010      94.9990  1156360  5093640
140   N15E095      15.0010      19.9990      95.0010      99.9990  5504996   745004
141   N15E100      15.0010      19.9990     100.0010     104.9990  6250000        0
142   N15E105      15.0010      19.9990     105.0010     109.9990  3303262  2946738
143   N15E110      15.0010      19.9990     110.0010     114.9990   420661  5829339
144   N15E115      15.0010      19.9990     115.0010     119.9990    89401  6160599
145   N15E120      15.0010      19.9990     120.0010     124.9990  1933655  4316345
146   N15E145      15.0010      19.9990     145.0010     149.9990   132710  6117290
147   N15E165      15.0010      19.9990     165.0010     169.9990    12255  6237745
148   N15W005      15.0010      19.9990      -4.9990      -0.0010  6250000        0
149   N15W010      15.0010      19.9990      -9.9990      -5.0010  6250000        0
150   N15W015      15.0010      19.9990     -14.9990     -10.0010  6250000        0
151   N15W020      15.0010      19.9990     -19.9990     -15.0010  1839720  4410280
152   N15W025      15.0010      19.9990     -24.9990     -20.0010   246627  6003373
153   N15W030      15.0010      19.9990     -29.9990     -25.0010    50722  6199278
154   N15W065      15.0010      19.9990     -64.9990     -60.0010   527222  5722778
155   N15W070      15.0010      19.9990     -69.9990     -65.0010   826374  5423626
156   N15W075      15.0010      19.9990     -74.9990     -70.0010  1774487  4475513
157   N15W080      15.0010      19.9990     -79.9990     -75.0010   587595  5662405
158   N15W085      15.0010      19.9990     -84.9990     -80.0010   410226  5839774
159   N15W090      15.0010      19.9990     -89.9990     -85.0010  3627622  2622378
160   N15W095      15.0010      19.9990     -94.9990     -90.0010  4436826  1813174
161   N15W100      15.0010      19.9990     -99.9990     -95.0010  4640310  1609690
162   N15W105      15.0010      19.9990    -104.9990    -100.0010  2584059  3665941
163   N15W110      15.0010      19.9990    -109.9990    -105.0010    62076  6187924
164   N15W115      15.0010      19.9990    -114.9990    -110.0010    46636  6203364
165   N15W155      15.0010      19.9990    -154.9990    -150.0010    27509  6222491
166   N15W160      15.0010      19.9990    -159.9990    -155.0010   260916  5989084
167   N15W170      15.0010      19.9990    -169.9990    -165.0010    14787  6235213
168   N20E000      20.0010      24.9990       0.0010       4.9990  6250000        0
169   N20E005      20.0010      24.9990       5.0010       9.9990  6250000        0
170   N20E010      20.0010      24.9990      10.0010      14.9990  6250000        0
171   N20E015      20.0010      24.9990      15.0010      19.9990  6250000        0
172   N20E020      20.0010      24.9990      20.0010      24.9990  6250000        0
173   N20E025      20.0010      24.9990      25.0010      29.9990  6250000        0
174   N20E030      20.0010      24.9990      30.0010      34.9990  6250000        0
175   N20E035      20.0010      24.9990      35.0010      39.9990  3517180  2732820
176   N20E040      20.0010      24.9990      40.0010      44.9990  6248209     1791
177   N20E045      20.0010      24.9990      45.0010      49.9990  6250000        0
178   N20E050      20.0010      24.9990      50.0010      54.9990  5927885   322115
179   N20E055      20.0010      24.9990      55.0010      59.9990  4604188  1645812
180   N20E060      20.0010      24.9990      60.0010      64.9990     6480  6243520
181   N20E065      20.0010      24.9990      65.0010      69.9990  1582129  4667871
182   N20E070      20.0010      24.9990      70.0010      74.9990  5643806   606194
183   N20E075      20.0010      24.9990      75.0010      79.9990  6250000        0
184   N20E080      20.0010      24.9990      80.0010      84.9990  6250000        0
185   N20E085      20.0010      24.9990      85.0010      89.9990  5085121  1164879
186   N20E090      20.0010      24.9990      90.0010      94.9990  5225376  1024624
187   N20E095      20.0010      24.9990      95.0010      99.9990  6250000        0
188   N20E100      20.0010      24.9990     100.0010     104.9990  6250000        0
189   N20E105      20.0010      24.9990     105.0010     109.9990  5465701   784299
190   N20E110      20.0010      24.9990     110.0010     114.9990  4437568  1812432
191   N20E115      20.0010      24.9990     115.0010     119.9990  1757365  4492635
192   N20E120      20.0010      24.9990     120.0010     124.9990  1197635  5052365
193   N20E125      20.0010      24.9990     125.0010     129.9990    38909  6211091
194   N20E130      20.0010      24.9990     130.0010     134.9990     8741  6241259
195   N20E135      20.0010      24.9990     135.0010     139.9990    10366  6239634
196   N20E140      20.0010      24.9990     140.0010     144.9990    32176  6217824
197   N20E145      20.0010      24.9990     145.0010     149.9990     6337  6243663
198   N20E150      20.0010      24.9990     150.0010     154.9990     9071  6240929
199   N20W005      20.0010      24.9990      -4.9990      -0.0010  6250000        0
200   N20W010      20.0010      24.9990      -9.9990      -5.0010  6250000        0
201   N20W015      20.0010      24.9990     -14.9990     -10.0010  6247027     2973
202   N20W020      20.0010      24.9990     -19.9990     -15.0010  1712469  4537531
203   N20W075      20.0010      24.9990     -74.9990     -70.0010   711113  5538887
204   N20W080      20.0010      24.9990     -79.9990     -75.0010  2781117  3468883
205   N20W085      20.0010      24.9990     -84.9990     -80.0010  1732395  4517605
206   N20W090      20.0010      24.9990     -89.9990     -85.0010  1270586  4979414
207   N20W095      20.0010      24.9990     -94.9990     -90.0010   192382  6057618
208   N20W100      20.0010      24.9990     -99.9990     -95.0010  3231339  3018661
209   N20W105      20.0010      24.9990    -104.9990    -100.0010  6250000        0
210   N20W110      20.0010      24.9990    -109.9990    -105.0010  1927433  4322567
211   N20W115      20.0010      24.9990    -114.9990    -110.0010   569470  5680530
212   N20W120      20.0010      24.9990    -119.9990    -115.0010     6035  6243965
213   N20W160      20.0010      24.9990    -159.9990    -155.0010   423258  5826742
214   N20W165      20.0010      24.9990    -164.9990    -160.0010    53272  6196728
215   N20W170      20.0010      24.9990    -169.9990    -165.0010    13146  6236854
216   N25E000      25.0010      29.9990       0.0010       4.9990  6250000        0
217   N25E005      25.0010      29.9990       5.0010       9.9990  6250000        0
218   N25E010      25.0010      29.9990      10.0010      14.9990  6250000        0
219   N25E015      25.0010      29.9990      15.0010      19.9990  6250000        0
220   N25E020      25.0010      29.9990      20.0010      24.9990  6250000        0
221   N25E025      25.0010      29.9990      25.0010      29.9990  6250000        0
222   N25E030      25.0010      29.9990      30.0010      34.9990  5762141   487859
223   N25E035      25.0010      29.9990      35.0010      39.9990  5462781   787219
224   N25E040      25.0010      29.9990      40.0010      44.9990  6250000        0
225   N25E045      25.0010      29.9990      45.0010      49.9990  5417748   832252
226   N25E050      25.0010      29.9990      50.0010      54.9990  3718095  2531905
227   N25E055      25.0010      29.9990      55.0010      59.9990  5411119   838881
228   N25E060      25.0010      29.9990      60.0010      64.9990  6099868   150132
229   N25E065      25.0010      29.9990      65.0010      69.9990  6135302   114698
230   N25E070      25.0010      29.9990      70.0010      74.9990  6250000        0
231   N25E075      25.0010      29.9990      75.0010      79.9990  6250000        0
232   N25E080      25.0010      29.9990      80.0010      84.9990  6250000        0
233   N25E085      25.0010      29.9990      85.0010      89.9990  6250000        0
234   N25E090      25.0010      29.9990      90.0010      94.9990  6250000        0
235   N25E095      25.0010      29.9990      95.0010      99.9990  6250000        0
236   N25E100      25.0010      29.9990     100.0010     104.9990  6250000        0
237   N25E105      25.0010      29.9990     105.0010     109.9990  6250000        0
238   N25E110      25.0010      29.9990     110.0010     114.9990  6250000        0
239   N25E115      25.0010      29.9990     115.0010     119.9990  6217510    32490
240   N25E120      25.0010      29.9990     120.0010     124.9990  1591004  4658996
241   N25E125      25.0010      29.9990     125.0010     129.9990   483463  5766537
242   N25E130      25.0010      29.9990     130.0010     134.9990    28329  6221671
243   N25E140      25.0010      29.9990     140.0010     144.9990    82919  6167081
244   N25W005      25.0010      29.9990      -4.9990      -0.0010  6250000        0
245   N25W010      25.0010      29.9990      -9.9990      -5.0010  6244987     5013
246   N25W015      25.0010      29.9990     -14.9990     -10.0010  3720716  2529284
247   N25W020      25.0010      29.9990     -19.9990     -15.0010   318024  5931976
248   N25W080      25.0010      29.9990     -79.9990     -75.0010   645042  5604958
249   N25W085      25.0010      29.9990     -84.9990     -80.0010  2795814  3454186
250   N25W090      25.0010      29.9990     -89.9990     -85.0010   316115  5933885
251   N25W095      25.0010      29.9990     -94.9990     -90.0010   816454  5433546
252   N25W100      25.0010      29.9990     -99.9990     -95.0010  4406342  1843658
253   N25W105      25.0010      29.9990    -104.9990    -100.0010  6250000        0
254   N25W110      25.0010      29.9990    -109.9990    -105.0010  5949706   300294
255   N25W115      25.0010      29.9990    -114.9990    -110.0010  3604361  2645639
256   N25W120      25.0010      29.9990    -119.9990    -115.0010   221329  6028671
257   N25W175      25.0010      29.9990    -174.9990    -170.0010    18176  6231824
258   N25W180      25.0010      29.9990    -179.9990    -175.0010    35900  6214100
259   N30E000      30.0010      34.9990       0.0010       4.9990  6250000        0
260   N30E005      30.0010      34.9990       5.0010       9.9990  6250000        0
261   N30E010      30.0010      34.9990      10.0010      14.9990  4160373  2089627
262   N30E015      30.0010      34.9990      15.0010      19.9990  1438748  4811252
263   N30E020      30.0010      34.9990      20.0010      24.9990  3269926  2980074
264   N30E025      30.0010      34.9990      25.0010      29.9990  1785487  4464513
265   N30E030      30.0010      34.9990      30.0010      34.9990  2094604  4155396
266   N30E035      30.0010      34.9990      35.0010      39.9990  6029724   220276
267   N30E040      30.0010      34.9990      40.0010      44.9990  6250000        0
268   N30E045      30.0010      34.9990      45.0010      49.9990  6246655     3345
269   N30E050      30.0010      34.9990      50.0010      54.9990  6250000        0
270   N30E055      30.0010      34.9990      55.0010      59.9990  6250000        0
271   N30E060      30.0010      34.9990      60.0010      64.9990  6250000        0
272   N30E065      30.0010      34.9990      65.0010      69.9990  6250000        0
273   N30E070      30.0010      34.9990      70.0010      74.9990  6250000        0
274   N30E075      30.0010      34.9990      75.0010      79.9990  6250000        0
275   N30E080      30.0010      34.9990      80.0010      84.9990  6250000        0
276   N30E085      30.0010      34.9990      85.0010      89.9990  6250000        0
277   N30E090      30.0010      34.9990      90.0010      94.9990  6250000        0
278   N30E095      30.0010      34.9990      95.0010      99.9990  6250000        0
279   N30E100      30.0010      34.9990     100.0010     104.9990  6250000        0
280   N30E105      30.0010      34.9990     105.0010     109.9990  6250000        0
281   N30E110      30.0010      34.9990     110.0010     114.9990  6250000        0
282   N30E115      30.0010      34.9990     115.0010     119.9990  6206688    43312
283   N30E120      30.0010      34.9990     120.0010     124.9990  1729860  4520140
284   N30E125      30.0010      34.9990     125.0010     129.9990  1323167  4926833
285   N30E130      30.0010      34.9990     130.0010     134.9990  2958506  3291494
286   N30E135      30.0010      34.9990     135.0010     139.9990   988138  5261862
287   N30E140      30.0010      34.9990     140.0010     144.9990    19249  6230751
288   N30W005      30.0010      34.9990      -4.9990      -0.0010  6250000        0
289   N30W010      30.0010      34.9990      -9.9990      -5.0010  4677430  1572570
290   N30W020      30.0010      34.9990     -19.9990     -15.0010   116848  6133152
291   N30W065      30.0010      34.9990     -64.9990     -60.0010    26047  6223953
292   N30W080      30.0010      34.9990     -79.9990     -75.0010  1131059  5118941
293   N30W085      30.0010      34.9990     -84.9990     -80.0010  5606169   643831
294   N30W090      30.0010      34.9990     -89.9990     -85.0010  6105710   144290
295   N30W095      30.0010      34.9990     -94.9990     -90.0010  6250000        0
296   N30W100      30.0010      34.9990     -99.9990     -95.0010  6250000        0
297   N30W105      30.0010      34.9990    -104.9990    -100.0010  6250000        0
298   N30W110      30.0010      34.9990    -109.9990    -105.0010  6250000        0
299   N30W115      30.0010      34.9990    -114.9990    -110.0010  5741679   508321
300   N30W120      30.0010      34.9990    -119.9990    -115.0010  3370228  2879772
301   N30W125      30.0010      34.9990    -124.9990    -120.0010   150276  6099724
302   N35E000      35.0010      39.9990       0.0010       4.9990  2521471  3728529
303   N35E005      35.0010      39.9990       5.0010       9.9990  3039039  3210961
304   N35E010      35.0010      39.9990      10.0010      14.9990  1458005  4791995
305   N35E015      35.0010      39.9990      15.0010      19.9990   874088  5375912
306   N35E020      35.0010      39.9990      20.0010      24.9990  3301842  2948158
307   N35E025      35.0010      39.9990      25.0010      29.9990  4198591  2051409
308   N35E030      35.0010      39.9990      30.0010      34.9990  4834764  1415236
309   N35E035      35.0010      39.9990      35.0010      39.9990  5957536   292464
310   N35E040      35.0010      39.9990      40.0010      44.9990  6250000        0
311   N35E045      35.0010      39.9990      45.0010      49.9990  6250000        0
312   N35E050      35.0010      39.9990      50.0010      54.9990  6250000        0
313   N35E055      35.0010      39.9990      55.0010      59.9990  6250000        0
314   N35E060      35.0010      39.9990      60.0010      64.9990  6250000        0
315   N35E065      35.0010      39.9990      65.0010      69.9990  6250000        0
316   N35E070      35.0010      39.9990      70.0010      74.9990  6250000        0
317   N35E075      35.0010      39.9990      75.0010      79.9990  6250000        0
318   N35E080      35.0010      39.9990      80.0010      84.9990  6250000        0
319   N35E085      35.0010      39.9990      85.0010      89.9990  6250000        0
320   N35E090      35.0010      39.9990      90.0010      94.9990  6250000        0
321   N35E095      35.0010      39.9990      95.0010      99.9990  6250000        0
322   N35E100      35.0010      39.9990     100.0010     104.9990  6250000        0
323   N35E105      35.0010      39.9990     105.0010     109.9990  6250000        0
324   N35E110      35.0010      39.9990     110.0010     114.9990  6250000        0
325   N35E115      35.0010      39.9990     115.0010     119.9990  5460033   789967
326   N35E120      35.0010      39.9990     120.0010     124.9990  1824893  4425107
327   N35E125      35.0010      39.9990     125.0010     129.9990  4320759  1929241
328   N35E130      35.0010      39.9990     130.0010     134.9990   514107  5735893
329   N35E135      35.0010      39.9990     135.0010     139.9990  2911321  3338679
330   N35E140      35.0010      39.9990     140.0010     144.9990  1559836  4690164
331   N35W005      35.0010      39.9990      -4.9990      -0.0010  4326512  1923488
332   N35W010      35.0010      39.9990      -9.9990      -5.0010  3738095  2511905
333   N35W025      35.0010      39.9990     -24.9990     -20.0010    11927  6238073
334   N35W030      35.0010      39.9990     -29.9990     -25.0010   259182  5990818
335   N35W035      35.0010      39.9990     -34.9990     -30.0010    35560  6214440
336   N35W075      35.0010      39.9990     -74.9990     -70.0010   209925  6040075
337   N35W080      35.0010      39.9990     -79.9990     -75.0010  5753960   496040
338   N35W085      35.0010      39.9990     -84.9990     -80.0010  6250000        0
339   N35W090      35.0010      39.9990     -89.9990     -85.0010  6250000        0
340   N35W095      35.0010      39.9990     -94.9990     -90.0010  6250000        0
341   N35W100      35.0010      39.9990     -99.9990     -95.0010  6250000        0
342   N35W105      35.0010      39.9990    -104.9990    -100.0010  6250000        0
343   N35W110      35.0010      39.9990    -109.9990    -105.0010  6250000        0
344   N35W115      35.0010      39.9990    -114.9990    -110.0010  6250000        0
345   N35W120      35.0010      39.9990    -119.9990    -115.0010  6250000        0
346   N35W125      35.0010      39.9990    -124.9990    -120.0010  3305087  2944913
347   N40E000      40.0010      44.9990       0.0010       4.9990  4038799  2211201
348   N40E005      40.0010      44.9990       5.0010       9.9990  2666715  3583285
349   N40E010      40.0010      44.9990      10.0010      14.9990  3407364  2842636
350   N40E015      40.0010      44.9990      15.0010      19.9990  4432700  1817300
351   N40E020      40.0010      44.9990      20.0010      24.9990  6108732   141268
352   N40E025      40.0010      44.9990      25.0010      29.9990  6020952   229048
353   N40E030      40.0010      44.9990      30.0010      34.9990  6250000        0
354   N40E035      40.0010      44.9990      35.0010      39.9990  6250000        0
355   N40E040      40.0010      44.9990      40.0010      44.9990  6250000        0
356   N40E045      40.0010      44.9990      45.0010      49.9990  6250000        0
357   N40E050      40.0010      44.9990      50.0010      54.9990  6250000        0
358   N40E055      40.0010      44.9990      55.0010      59.9990  6250000        0
359   N40E060      40.0010      44.9990      60.0010      64.9990  6250000        0
360   N40E065      40.0010      44.9990      65.0010      69.9990  6250000        0
361   N40E070      40.0010      44.9990      70.0010      74.9990  6250000        0
362   N40E075      40.0010      44.9990      75.0010      79.9990  6250000        0
363   N40E080      40.0010      44.9990      80.0010      84.9990  6250000        0
364   N40E085      40.0010      44.9990      85.0010      89.9990  6250000        0
365   N40E090      40.0010      44.9990      90.0010      94.9990  6250000        0
366   N40E095      40.0010      44.9990      95.0010      99.9990  6250000        0
367   N40E100      40.0010      44.9990     100.0010     104.9990  6250000        0
368   N40E105      40.0010      44.9990     105.0010     109.9990  6250000        0
369   N40E110      40.0010      44.9990     110.0010     114.9990  6250000        0
370   N40E115      40.0010      44.9990     115.0010     119.9990  6250000        0
371   N40E120      40.0010      44.9990     120.0010     124.9990  6024549   225451
372   N40E125      40.0010      44.9990     125.0010     129.9990  6040113   209887
373   N40E130      40.0010      44.9990     130.0010     134.9990  2933129  3316871
374   N40E135      40.0010      44.9990     135.0010     139.9990   522023  5727977
375   N40E140      40.0010      44.9990     140.0010     144.9990  3001228  3248772
376   N40E145      40.0010      44.9990     145.0010     149.9990   479511  5770489
377   N40W005      40.0010      44.9990      -4.9990      -0.0010  4917781  1332219
378   N40W010      40.0010      44.9990      -9.9990      -5.0010  3682843  2567157
379   N40W060      40.0010      44.9990     -59.9990     -55.0010    23787  6226213
380   N40W065      40.0010      44.9990     -64.9990     -60.0010   495748  5754252
381   N40W070      40.0010      44.9990     -69.9990     -65.0010  1300148  4949852
382   N40W075      40.0010      44.9990     -74.9990     -70.0010  5166934  1083066
383   N40W080      40.0010      44.9990     -79.9990     -75.0010  6250000        0
384   N40W085      40.0010      44.9990     -84.9990     -80.0010  6250000        0
385   N40W090      40.0010      44.9990     -89.9990     -85.0010  6250000        0
386   N40W095      40.0010      44.9990     -94.9990     -90.0010  6250000        0
387   N40W100      40.0010      44.9990     -99.9990     -95.0010  6250000        0
388   N40W105      40.0010      44.9990    -104.9990    -100.0010  6250000        0
389   N40W110      40.0010      44.9990    -109.9990    -105.0010  6250000        0
390   N40W115      40.0010      44.9990    -114.9990    -110.0010  6250000        0
391   N40W120      40.0010      44.9990    -119.9990    -115.0010  6250000        0
392   N40W125      40.0010      44.9990    -124.9990    -120.0010  5442118   807882
393   N45E000      45.0010      49.9990       0.0010       4.9990  6224683    25317
394   N45E005      45.0010      49.9990       5.0010       9.9990  6250000        0
395   N45E010      45.0010      49.9990      10.0010      14.9990  6128825   121175
396   N45E015      45.0010      49.9990      15.0010      19.9990  6250000        0
397   N45E020      45.0010      49.9990      20.0010      24.9990  6250000        0
398   N45E025      45.0010      49.9990      25.0010      29.9990  6250000        0
399   N45E030      45.0010      49.9990      30.0010      34.9990  6250000        0
400   N45E035      45.0010      49.9990      35.0010      39.9990  6250000        0
401   N45E040      45.0010      49.9990      40.0010      44.9990  6250000        0
402   N45E045      45.0010      49.9990      45.0010      49.9990  6250000        0
403   N45E050      45.0010      49.9990      50.0010      54.9990  6250000        0
404   N45E055      45.0010      49.9990      55.0010      59.9990  6250000        0
405   N45E060      45.0010      49.9990      60.0010      64.9990  6250000        0
406   N45E065      45.0010      49.9990      65.0010      69.9990  6250000        0
407   N45E070      45.0010      49.9990      70.0010      74.9990  6250000        0
408   N45E075      45.0010      49.9990      75.0010      79.9990  6250000        0
409   N45E080      45.0010      49.9990      80.0010      84.9990  6250000        0
410   N45E085      45.0010      49.9990      85.0010      89.9990  6250000        0
411   N45E090      45.0010      49.9990      90.0010      94.9990  6250000        0
412   N45E095      45.0010      49.9990      95.0010      99.9990  6250000        0
413   N45E100      45.0010      49.9990     100.0010     104.9990  6250000        0
414   N45E105      45.0010      49.9990     105.0010     109.9990  6250000        0
415   N45E110      45.0010      49.9990     110.0010     114.9990  6250000        0
416   N45E115      45.0010      49.9990     115.0010     119.9990  6250000        0
417   N45E120      45.0010      49.9990     120.0010     124.9990  6250000        0
418   N45E125      45.0010      49.9990     125.0010     129.9990  6250000        0
419   N45E130      45.0010      49.9990     130.0010     134.9990  6250000        0
420   N45E135      45.0010      49.9990     135.0010     139.9990  4986115  1263885
421   N45E140      45.0010      49.9990     140.0010     144.9990  1780868  4469132
422   N45E145      45.0010      49.9990     145.0010     149.9990   208207  6041793
423   N45E150      45.0010      49.9990     150.0010     154.9990   358523  5891477
424   N45E155      45.0010      49.9990     155.0010     159.9990     6247  6243753
425   N45W005      45.0010      49.9990      -4.9990      -0.0010  3188454  3061546
426   N45W010      45.0010      49.9990      -9.9990      -5.0010    43654  6206346
427   N45W055      45.0010      49.9990     -54.9990     -50.0010  1456221  4793779
428   N45W060      45.0010      49.9990     -59.9990     -55.0010  2635415  3614585
429   N45W065      45.0010      49.9990     -64.9990     -60.0010  2667032  3582968
430   N45W070      45.0010      49.9990     -69.9990     -65.0010  5670185   579815
431   N45W075      45.0010      49.9990     -74.9990     -70.0010  6250000        0
432   N45W080      45.0010      49.9990     -79.9990     -75.0010  6250000        0
433   N45W085      45.0010      49.9990     -84.9990     -80.0010  6250000        0
434   N45W090      45.0010      49.9990     -89.9990     -85.0010  6250000        0
435   N45W095      45.0010      49.9990     -94.9990     -90.0010  6250000        0
436   N45W100      45.0010      49.9990     -99.9990     -95.0010  6250000        0
437   N45W105      45.0010      49.9990    -104.9990    -100.0010  6250000        0
438   N45W110      45.0010      49.9990    -109.9990    -105.0010  6250000        0
439   N45W115      45.0010      49.9990    -114.9990    -110.0010  6250000        0
440   N45W120      45.0010      49.9990    -119.9990    -115.0010  6250000        0
441   N45W125      45.0010      49.9990    -124.9990    -120.0010  5632701   617299
442   N45W130      45.0010      49.9990    -129.9990    -125.0010   497813  5752187
443   N50E000      50.0010      54.9990       0.0010       4.9990  2483791  3766209
444   N50E005      50.0010      54.9990       5.0010       9.9990  5172892  1077108
445   N50E010      50.0010      54.9990      10.0010      14.9990  5741032   508968
446   N50E015      50.0010      54.9990      15.0010      19.9990  5786875   463125
447   N50E020      50.0010      54.9990      20.0010      24.9990  6249923       77
448   N50E025      50.0010      54.9990      25.0010      29.9990  6250000        0
449   N50E030      50.0010      54.9990      30.0010      34.9990  6250000        0
450   N50E035      50.0010      54.9990      35.0010      39.9990  6250000        0
451   N50E040      50.0010      54.9990      40.0010      44.9990  6250000        0
452   N50E045      50.0010      54.9990      45.0010      49.9990  6250000        0
453   N50E050      50.0010      54.9990      50.0010      54.9990  6250000        0
454   N50E055      50.0010      54.9990      55.0010      59.9990  6250000        0
455   N50E060      50.0010      54.9990      60.0010      64.9990  6250000        0
456   N50E065      50.0010      54.9990      65.0010      69.9990  6250000        0
457   N50E070      50.0010      54.9990      70.0010      74.9990  6250000        0
458   N50E075      50.0010      54.9990      75.0010      79.9990  6250000        0
459   N50E080      50.0010      54.9990      80.0010      84.9990  6250000        0
460   N50E085      50.0010      54.9990      85.0010      89.9990  6250000        0
461   N50E090      50.0010      54.9990      90.0010      94.9990  6250000        0
462   N50E095      50.0010      54.9990      95.0010      99.9990  6250000        0
463   N50E100      50.0010      54.9990     100.0010     104.9990  6250000        0
464   N50E105      50.0010      54.9990     105.0010     109.9990  6250000        0
465   N50E110      50.0010      54.9990     110.0010     114.9990  6250000        0
466   N50E115      50.0010      54.9990     115.0010     119.9990  6250000        0
467   N50E120      50.0010      54.9990     120.0010     124.9990  6250000        0
468   N50E125      50.0010      54.9990     125.0010     129.9990  6250000        0
469   N50E130      50.0010      54.9990     130.0010     134.9990  6250000        0
470   N50E135      50.0010      54.9990     135.0010     139.9990  5744743   505257
471   N50E140      50.0010      54.9990     140.0010     144.9990  2777468  3472532
472   N50E150      50.0010      54.9990     150.0010     154.9990     6615  6243385
473   N50E155      50.0010      54.9990     155.0010     159.9990  3282295  2967705
474   N50E160      50.0010      54.9990     160.0010     164.9990   355928  5894072
475   N50E165      50.0010      54.9990     165.0010     169.9990   106124  6143876
476   N50E170      50.0010      54.9990     170.0010     174.9990   163006  6086994
477   N50E175      50.0010      54.9990     175.0010     179.9990   231393  6018607
478   N50W005      50.0010      54.9990      -4.9990      -0.0010  4868786  1381214
479   N50W010      50.0010      54.9990      -9.9990      -5.0010  3324827  2925173
480   N50W015      50.0010      54.9990     -14.9990     -10.0010   219988  6030012
481   N50W060      50.0010      54.9990     -59.9990     -55.0010  4560573  1689427
482   N50W065      50.0010      54.9990     -64.9990     -60.0010  6116388   133612
483   N50W070      50.0010      54.9990     -69.9990     -65.0010  6198707    51293
484   N50W075      50.0010      54.9990     -74.9990     -70.0010  6250000        0
485   N50W080      50.0010      54.9990     -79.9990     -75.0010  5891380   358620
486   N50W085      50.0010      54.9990     -84.9990     -80.0010  4969816  1280184
487   N50W090      50.0010      54.9990     -89.9990     -85.0010  6250000        0
488   N50W095      50.0010      54.9990     -94.9990     -90.0010  6250000        0
489   N50W100      50.0010      54.9990     -99.9990     -95.0010  6250000        0
490   N50W105      50.0010      54.9990    -104.9990    -100.0010  6250000        0
491   N50W110      50.0010      54.9990    -109.9990    -105.0010  6250000        0
492   N50W115      50.0010      54.9990    -114.9990    -110.0010  6250000        0
493   N50W120      50.0010      54.9990    -119.9990    -115.0010  6250000        0
494   N50W125      50.0010      54.9990    -124.9990    -120.0010  6250000        0
495   N50W130      50.0010      54.9990    -129.9990    -125.0010  5212310  1037690
496   N50W135      50.0010      54.9990    -134.9990    -130.0010  1209426  5040574
497   N50W160      50.0010      54.9990    -159.9990    -155.0010    57258  6192742
498   N50W165      50.0010      54.9990    -164.9990    -160.0010   450824  5799176
499   N50W170      50.0010      54.9990    -169.9990    -165.0010   572123  5677877
500   N50W175      50.0010      54.9990    -174.9990    -170.0010   300348  5949652
501   N50W180      50.0010      54.9990    -179.9990    -175.0010   434067  5815933
502   N55E000      55.0010      59.9990       0.0010       4.9990    17931  6232069
503   N55E005      55.0010      59.9990       5.0010       9.9990  3207683  3042317
504   N55E010      55.0010      59.9990      10.0010      14.9990  5135624  1114376
505   N55E015      55.0010      59.9990      15.0010      19.9990  2982427  3267573
506   N55E020      55.0010      59.9990      20.0010      24.9990  3880237  2369763
507   N55E025      55.0010      59.9990      25.0010      29.9990  6008944   241056
508   N55E030      55.0010      59.9990      30.0010      34.9990  6250000        0
509   N55E035      55.0010      59.9990      35.0010      39.9990  6250000        0
510   N55E040      55.0010      59.9990      40.0010      44.9990  6250000        0
511   N55E045      55.0010      59.9990      45.0010      49.9990  6250000        0
512   N55E050      55.0010      59.9990      50.0010      54.9990  6250000        0
513   N55E055      55.0010      59.9990      55.0010      59.9990  6250000        0
514   N55E060      55.0010      59.9990      60.0010      64.9990  6250000        0
515   N55E065      55.0010      59.9990      65.0010      69.9990  6250000        0
516   N55E070      55.0010      59.9990      70.0010      74.9990  6250000        0
517   N55E075      55.0010      59.9990      75.0010      79.9990  6250000        0
518   N55E080      55.0010      59.9990      80.0010      84.9990  6250000        0
519   N55E085      55.0010      59.9990      85.0010      89.9990  6250000        0
520   N55E090      55.0010      59.9990      90.0010      94.9990  6250000        0
521   N55E095      55.0010      59.9990      95.0010      99.9990  6250000        0
522   N55E100      55.0010      59.9990     100.0010     104.9990  6250000        0
523   N55E105      55.0010      59.9990     105.0010     109.9990  6250000        0
524   N55E110      55.0010      59.9990     110.0010     114.9990  6250000        0
525   N55E115      55.0010      59.9990     115.0010     119.9990  6250000        0
526   N55E120      55.0010      59.9990     120.0010     124.9990  6250000        0
527   N55E125      55.0010      59.9990     125.0010     129.9990  6250000        0
528   N55E130      55.0010      59.9990     130.0010     134.9990  6250000        0
529   N55E135      55.0010      59.9990     135.0010     139.9990  5024418  1225582
530   N55E140      55.0010      59.9990     140.0010     144.9990  1512050  4737950
531   N55E145      55.0010      59.9990     145.0010     149.9990   919984  5330016
532   N55E150      55.0010      59.9990     150.0010     154.9990  1162130  5087870
533   N55E155      55.0010      59.9990     155.0010     159.9990  3338730  2911270
534   N55E160      55.0010      59.9990     160.0010     164.9990  3728174  2521826
535   N55E165      55.0010      59.9990     165.0010     169.9990   121298  6128702
536   N55W005      55.0010      59.9990      -4.9990      -0.0010  2750816  3499184
537   N55W010      55.0010      59.9990      -9.9990      -5.0010  1742032  4507968
538   N55W015      55.0010      59.9990     -14.9990     -10.0010     7924  6242076
539   N55W060      55.0010      59.9990     -59.9990     -55.0010   176207  6073793
540   N55W065      55.0010      59.9990     -64.9990     -60.0010  4276023  1973977
541   N55W070      55.0010      59.9990     -69.9990     -65.0010  5257235   992765
542   N55W075      55.0010      59.9990     -74.9990     -70.0010  6250000        0
543   N55W080      55.0010      59.9990     -79.9990     -75.0010  4110682  2139318
544   N55W085      55.0010      59.9990     -84.9990     -80.0010   424254  5825746
545   N55W090      55.0010      59.9990     -89.9990     -85.0010  1633126  4616874
546   N55W095      55.0010      59.9990     -94.9990     -90.0010  3848734  2401266
547   N55W100      55.0010      59.9990     -99.9990     -95.0010  6250000        0
548   N55W105      55.0010      59.9990    -104.9990    -100.0010  6250000        0
549   N55W110      55.0010      59.9990    -109.9990    -105.0010  6250000        0
550   N55W115      55.0010      59.9990    -114.9990    -110.0010  6250000        0
551   N55W120      55.0010      59.9990    -119.9990    -115.0010  6250000        0
552   N55W125      55.0010      59.9990    -124.9990    -120.0010  6250000        0
553   N55W130      55.0010      59.9990    -129.9990    -125.0010  6250000        0
554   N55W135      55.0010      59.9990    -134.9990    -130.0010  5942915   307085
555   N55W140      55.0010      59.9990    -139.9990    -135.0010  2178079  4071921
556   N55W145      55.0010      59.9990    -144.9990    -140.0010   178120  6071880
557   N55W150      55.0010      59.9990    -149.9990    -145.0010   202657  6047343
558   N55W155      55.0010      59.9990    -154.9990    -150.0010  2182507  4067493
559   N55W160      55.0010      59.9990    -159.9990    -155.0010  3678442  2571558
560   N55W165      55.0010      59.9990    -164.9990    -160.0010  1661667  4588333
561   N55W170      55.0010      59.9990    -169.9990    -165.0010    35418  6214582
562   N55W175      55.0010      59.9990    -174.9990    -170.0010    36806  6213194
563   S05E005      -4.9990      -0.0010       5.0010       9.9990   623127  5626873
564   S05E010      -4.9990      -0.0010      10.0010      14.9990  5715048   534952
565   S05E015      -4.9990      -0.0010      15.0010      19.9990  6250000        0
566   S05E020      -4.9990      -0.0010      20.0010      24.9990  6250000        0
567   S05E025      -4.9990      -0.0010      25.0010      29.9990  6250000        0
568   S05E030      -4.9990      -0.0010      30.0010      34.9990  6250000        0
569   S05E035      -4.9990      -0.0010      35.0010      39.9990  6159664    90336
570   S05E040      -4.9990      -0.0010      40.0010      44.9990  1327419  4922581
571   S05E050      -4.9990      -0.0010      50.0010      54.9990     7924  6242076
572   S05E055      -4.9990      -0.0010      55.0010      59.9990   116798  6133202
573   S05E070      -4.9990      -0.0010      70.0010      74.9990    32886  6217114
574   S05E095      -4.9990      -0.0010      95.0010      99.9990   359829  5890171
575   S05E100      -4.9990      -0.0010     100.0010     104.9990  4638591  1611409
576   S05E105      -4.9990      -0.0010     105.0010     109.9990  1891826  4358174
577   S05E110      -4.9990      -0.0010     110.0010     114.9990  4273921  1976079
578   S05E115      -4.9990      -0.0010     115.0010     119.9990  3027027  3222973
579   S05E120      -4.9990      -0.0010     120.0010     124.9990  3056310  3193690
580   S05E125      -4.9990      -0.0010     125.0010     129.9990  1702740  4547260
581   S05E130      -4.9990      -0.0010     130.0010     134.9990  3403926  2846074
582   S05E135      -4.9990      -0.0010     135.0010     139.9990  3900837  2349163
583   S05E140      -4.9990      -0.0010     140.0010     144.9990  2621739  3628261
584   S05E145      -4.9990      -0.0010     145.0010     149.9990   621808  5628192
585   S05E150      -4.9990      -0.0010     150.0010     154.9990   914836  5335164
586   S05E155      -4.9990      -0.0010     155.0010     159.9990    63820  6186180
587   S05E165      -4.9990      -0.0010     165.0010     169.9990    22208  6227792
588   S05E170      -4.9990      -0.0010     170.0010     174.9990    63049  6186951
589   S05E175      -4.9990      -0.0010     175.0010     179.9990    83551  6166449
590   S05W035      -4.9990      -0.0010     -34.9990     -30.0010    25305  6224695
591   S05W040      -4.9990      -0.0010     -39.9990     -35.0010   978741  5271259
592   S05W045      -4.9990      -0.0010     -44.9990     -40.0010  3246913  3003087
593   S05W050      -4.9990      -0.0010     -49.9990     -45.0010  5609441   640559
594   S05W055      -4.9990      -0.0010     -54.9990     -50.0010  6250000        0
595   S05W060      -4.9990      -0.0010     -59.9990     -55.0010  6250000        0
596   S05W065      -4.9990      -0.0010     -64.9990     -60.0010  6250000        0
597   S05W070      -4.9990      -0.0010     -69.9990     -65.0010  6250000        0
598   S05W075      -4.9990      -0.0010     -74.9990     -70.0010  6250000        0
599   S05W080      -4.9990      -0.0010     -79.9990     -75.0010  6249525      475
600   S05W085      -4.9990      -0.0010     -84.9990     -80.0010  1066029  5183971
601   S05W090      -4.9990      -0.0010     -89.9990     -85.0010    65358  6184642
602   S05W095      -4.9990      -0.0010     -94.9990     -90.0010   362676  5887324
603   S05W155      -4.9990      -0.0010    -154.9990    -150.0010    11606  6238394
604   S05W160      -4.9990      -0.0010    -159.9990    -155.0010     2655  6247345
605   S05W175      -4.9990      -0.0010    -174.9990    -170.0010    89676  6160324
606   S10E010      -9.9990      -5.0010      10.0010      14.9990  2867732  3382268
607   S10E015      -9.9990      -5.0010      15.0010      19.9990  6250000        0
608   S10E020      -9.9990      -5.0010      20.0010      24.9990  6250000        0
609   S10E025      -9.9990      -5.0010      25.0010      29.9990  6250000        0
610   S10E030      -9.9990      -5.0010      30.0010      34.9990  6250000        0
611   S10E035      -9.9990      -5.0010      35.0010      39.9990  5800702   449298
612   S10E040      -9.9990      -5.0010      40.0010      44.9990      929  6249071
613   S10E045      -9.9990      -5.0010      45.0010      49.9990    67849  6182151
614   S10E050      -9.9990      -5.0010      50.0010      54.9990   116090  6133910
615   S10E055      -9.9990      -5.0010      55.0010      59.9990    20748  6229252
616   S10E070      -9.9990      -5.0010      70.0010      74.9990   128091  6121909
617   S10E100      -9.9990      -5.0010     100.0010     104.9990   279203  5970797
618   S10E105      -9.9990      -5.0010     105.0010     109.9990  1942370  4307630
619   S10E110      -9.9990      -5.0010     110.0010     114.9990  2086661  4163339
620   S10E115      -9.9990      -5.0010     115.0010     119.9990  1724272  4525728
621   S10E120      -9.9990      -5.0010     120.0010     124.9990  1889050  4360950
622   S10E125      -9.9990      -5.0010     125.0010     129.9990   961884  5288116
623   S10E130      -9.9990      -5.0010     130.0010     134.9990   900893  5349107
624   S10E135      -9.9990      -5.0010     135.0010     139.9990  1690505  4559495
625   S10E140      -9.9990      -5.0010     140.0010     144.9990  4997664  1252336
626   S10E145      -9.9990      -5.0010     145.0010     149.9990  3452825  2797175
627   S10E150      -9.9990      -5.0010     150.0010     154.9990  1120221  5129779
628   S10E155      -9.9990      -5.0010     155.0010     159.9990  1315608  4934392
629   S10E160      -9.9990      -5.0010     160.0010     164.9990   413553  5836447
630   S10E165      -9.9990      -5.0010     165.0010     169.9990    24202  6225798
631   S10E175      -9.9990      -5.0010     175.0010     179.9990   116209  6133791
632   S10W015      -9.9990      -5.0010     -14.9990     -10.0010    18690  6231310
633   S10W035      -9.9990      -5.0010     -34.9990     -30.0010   130239  6119761
634   S10W040      -9.9990      -5.0010     -39.9990     -35.0010  6084848   165152
635   S10W045      -9.9990      -5.0010     -44.9990     -40.0010  6250000        0
636   S10W050      -9.9990      -5.0010     -49.9990     -45.0010  6250000        0
637   S10W055      -9.9990      -5.0010     -54.9990     -50.0010  6250000        0
638   S10W060      -9.9990      -5.0010     -59.9990     -55.0010  6250000        0
639   S10W065      -9.9990      -5.0010     -64.9990     -60.0010  6250000        0
640   S10W070      -9.9990      -5.0010     -69.9990     -65.0010  6250000        0
641   S10W075      -9.9990      -5.0010     -74.9990     -70.0010  6250000        0
642   S10W080      -9.9990      -5.0010     -79.9990     -75.0010  5555268   694732
643   S10W085      -9.9990      -5.0010     -84.9990     -80.0010   465102  5784898
644   S10W140      -9.9990      -5.0010    -139.9990    -135.0010    80159  6169841
645   S10W145      -9.9990      -5.0010    -144.9990    -140.0010    73937  6176063
646   S10W155      -9.9990      -5.0010    -154.9990    -150.0010     9316  6240684
647   S10W160      -9.9990      -5.0010    -159.9990    -155.0010    40145  6209855
648   S10W165      -9.9990      -5.0010    -164.9990    -160.0010     4423  6245577
649   S10W175      -9.9990      -5.0010    -174.9990    -170.0010    48773  6201227
650   S15E010     -14.9990     -10.0010      10.0010      14.9990  2478591  3771409
651   S15E015     -14.9990     -10.0010      15.0010      19.9990  6250000        0
652   S15E020     -14.9990     -10.0010      20.0010      24.9990  6250000        0
653   S15E025     -14.9990     -10.0010      25.0010      29.9990  6250000        0
654   S15E030     -14.9990     -10.0010      30.0010      34.9990  6250000        0
655   S15E035     -14.9990     -10.0010      35.0010      39.9990  6250000        0
656   S15E040     -14.9990     -10.0010      40.0010      44.9990  1037965  5212035
657   S15E045     -14.9990     -10.0010      45.0010      49.9990  1503710  4746290
658   S15E050     -14.9990     -10.0010      50.0010      54.9990   133015  6116985
659   S15E055     -14.9990     -10.0010      55.0010      59.9990    18316  6231684
660   S15E095     -14.9990     -10.0010      95.0010      99.9990    30176  6219824
661   S15E105     -14.9990     -10.0010     105.0010     109.9990    25356  6224644
662   S15E115     -14.9990     -10.0010     115.0010     119.9990     6530  6243470
663   S15E120     -14.9990     -10.0010     120.0010     124.9990   442444  5807556
664   S15E125     -14.9990     -10.0010     125.0010     129.9990  1160204  5089796
665   S15E130     -14.9990     -10.0010     130.0010     134.9990  4314545  1935455
666   S15E135     -14.9990     -10.0010     135.0010     139.9990  1409964  4840036
667   S15E140     -14.9990     -10.0010     140.0010     144.9990  2489266  3760734
668   S15E145     -14.9990     -10.0010     145.0010     149.9990   291667  5958333
669   S15E150     -14.9990     -10.0010     150.0010     154.9990   687277  5562723
670   S15E155     -14.9990     -10.0010     155.0010     159.9990    22358  6227642
671   S15E160     -14.9990     -10.0010     160.0010     164.9990   248333  6001667
672   S15E165     -14.9990     -10.0010     165.0010     169.9990   390354  5859646
673   S15E170     -14.9990     -10.0010     170.0010     174.9990     8287  6241713
674   S15E175     -14.9990     -10.0010     175.0010     179.9990    28386  6221614
675   S15W040     -14.9990     -10.0010     -39.9990     -35.0010  2720785  3529215
676   S15W045     -14.9990     -10.0010     -44.9990     -40.0010  6250000        0
677   S15W050     -14.9990     -10.0010     -49.9990     -45.0010  6250000        0
678   S15W055     -14.9990     -10.0010     -54.9990     -50.0010  6250000        0
679   S15W060     -14.9990     -10.0010     -59.9990     -55.0010  6250000        0
680   S15W065     -14.9990     -10.0010     -64.9990     -60.0010  6250000        0
681   S15W070     -14.9990     -10.0010     -69.9990     -65.0010  6250000        0
682   S15W075     -14.9990     -10.0010     -74.9990     -70.0010  6250000        0
683   S15W080     -14.9990     -10.0010     -79.9990     -75.0010  2533852  3716148
684   S15W140     -14.9990     -10.0010    -139.9990    -135.0010    17920  6232080
685   S15W145     -14.9990     -10.0010    -144.9990    -140.0010    44325  6205675
686   S15W150     -14.9990     -10.0010    -149.9990    -145.0010   123056  6126944
687   S15W155     -14.9990     -10.0010    -154.9990    -150.0010    14671  6235329
688   S15W165     -14.9990     -10.0010    -164.9990    -160.0010    42476  6207524
689   S15W170     -14.9990     -10.0010    -169.9990    -165.0010    57301  6192699
690   S15W175     -14.9990     -10.0010    -174.9990    -170.0010   196179  6053821
691   S15W180     -14.9990     -10.0010    -179.9990    -175.0010    46158  6203842
692   S20E010     -19.9990     -15.0010      10.0010      14.9990  3795616  2454384
693   S20E015     -19.9990     -15.0010      15.0010      19.9990  6250000        0
694   S20E020     -19.9990     -15.0010      20.0010      24.9990  6250000        0
695   S20E025     -19.9990     -15.0010      25.0010      29.9990  6250000        0
696   S20E030     -19.9990     -15.0010      30.0010      34.9990  6248250     1750
697   S20E035     -19.9990     -15.0010      35.0010      39.9990  3761826  2488174
698   S20E040     -19.9990     -15.0010      40.0010      44.9990  1087771  5162229
699   S20E045     -19.9990     -15.0010      45.0010      49.9990  5453988   796012
700   S20E050     -19.9990     -15.0010      50.0010      54.9990   148659  6101341
701   S20E055     -19.9990     -15.0010      55.0010      59.9990    74536  6175464
702   S20E060     -19.9990     -15.0010      60.0010      64.9990    24209  6225791
703   S20E115     -19.9990     -15.0010     115.0010     119.9990    64446  6185554
704   S20E120     -19.9990     -15.0010     120.0010     124.9990  3382152  2867848
705   S20E125     -19.9990     -15.0010     125.0010     129.9990  6250000        0
706   S20E130     -19.9990     -15.0010     130.0010     134.9990  6250000        0
707   S20E135     -19.9990     -15.0010     135.0010     139.9990  5071758  1178242
708   S20E140     -19.9990     -15.0010     140.0010     144.9990  5510171   739829
709   S20E145     -19.9990     -15.0010     145.0010     149.9990  1728257  4521743
710   S20E150     -19.9990     -15.0010     150.0010     154.9990    19412  6230588
711   S20E155     -19.9990     -15.0010     155.0010     159.9990    57698  6192302
712   S20E160     -19.9990     -15.0010     160.0010     164.9990    76784  6173216
713   S20E165     -19.9990     -15.0010     165.0010     169.9990   694740  5555260
714   S20E170     -19.9990     -15.0010     170.0010     174.9990    11673  6238327
715   S20E175     -19.9990     -15.0010     175.0010     179.9990  1032384  5217616
716   S20W010     -19.9990     -15.0010      -9.9990      -5.0010    22940  6227060
717   S20W040     -19.9990     -15.0010     -39.9990     -35.0010   968463  5281537
718   S20W045     -19.9990     -15.0010     -44.9990     -40.0010  6249749      251
719   S20W050     -19.9990     -15.0010     -49.9990     -45.0010  6250000        0
720   S20W055     -19.9990     -15.0010     -54.9990     -50.0010  6250000        0
721   S20W060     -19.9990     -15.0010     -59.9990     -55.0010  6250000        0
722   S20W065     -19.9990     -15.0010     -64.9990     -60.0010  6250000        0
723   S20W070     -19.9990     -15.0010     -69.9990     -65.0010  6250000        0
724   S20W075     -19.9990     -15.0010     -74.9990     -70.0010  2652356  3597644
725   S20W080     -19.9990     -15.0010     -79.9990     -75.0010    51898  6198102
726   S20W140     -19.9990     -15.0010    -139.9990    -135.0010   103611  6146389
727   S20W145     -19.9990     -15.0010    -144.9990    -140.0010   620474  5629526
728   S20W150     -19.9990     -15.0010    -149.9990    -145.0010   563871  5686129
729   S20W155     -19.9990     -15.0010    -154.9990    -150.0010   156272  6093728
730   S20W160     -19.9990     -15.0010    -159.9990    -155.0010    58381  6191619
731   S20W165     -19.9990     -15.0010    -164.9990    -160.0010    13564  6236436
732   S20W170     -19.9990     -15.0010    -169.9990    -165.0010    26502  6223498
733   S20W175     -19.9990     -15.0010    -174.9990    -170.0010   165925  6084075
734   S20W180     -19.9990     -15.0010    -179.9990    -175.0010   496093  5753907
735   S25E010     -24.9990     -20.0010      10.0010      14.9990  1241924  5008076
736   S25E015     -24.9990     -20.0010      15.0010      19.9990  6250000        0
737   S25E020     -24.9990     -20.0010      20.0010      24.9990  6250000        0
738   S25E025     -24.9990     -20.0010      25.0010      29.9990  6250000        0
739   S25E030     -24.9990     -20.0010      30.0010      34.9990  6212990    37010
740   S25E035     -24.9990     -20.0010      35.0010      39.9990   502649  5747351
741   S25E040     -24.9990     -20.0010      40.0010      44.9990  1825978  4424022
742   S25E045     -24.9990     -20.0010      45.0010      49.9990  3811212  2438788
743   S25E055     -24.9990     -20.0010      55.0010      59.9990   192977  6057023
744   S25E110     -24.9990     -20.0010     110.0010     114.9990  1222840  5027160
745   S25E115     -24.9990     -20.0010     115.0010     119.9990  5743975   506025
746   S25E120     -24.9990     -20.0010     120.0010     124.9990  6250000        0
747   S25E125     -24.9990     -20.0010     125.0010     129.9990  6250000        0
748   S25E130     -24.9990     -20.0010     130.0010     134.9990  6250000        0
749   S25E135     -24.9990     -20.0010     135.0010     139.9990  6250000        0
750   S25E140     -24.9990     -20.0010     140.0010     144.9990  6250000        0
751   S25E145     -24.9990     -20.0010     145.0010     149.9990  6061265   188735
752   S25E150     -24.9990     -20.0010     150.0010     154.9990  1378698  4871302
753   S25E155     -24.9990     -20.0010     155.0010     159.9990    26306  6223694
754   S25E160     -24.9990     -20.0010     160.0010     164.9990   232830  6017170
755   S25E165     -24.9990     -20.0010     165.0010     169.9990   762178  5487822
756   S25E170     -24.9990     -20.0010     170.0010     174.9990    16943  6233057
757   S25W030     -24.9990     -20.0010     -29.9990     -25.0010    20883  6229117
758   S25W045     -24.9990     -20.0010     -44.9990     -40.0010  3249989  3000011
759   S25W050     -24.9990     -20.0010     -49.9990     -45.0010  5772321   477679
760   S25W055     -24.9990     -20.0010     -54.9990     -50.0010  6250000        0
761   S25W060     -24.9990     -20.0010     -59.9990     -55.0010  6250000        0
762   S25W065     -24.9990     -20.0010     -64.9990     -60.0010  6250000        0
763   S25W070     -24.9990     -20.0010     -69.9990     -65.0010  6250000        0
764   S25W075     -24.9990     -20.0010     -74.9990     -70.0010   548332  5701668
765   S25W125     -24.9990     -20.0010    -124.9990    -120.0010     9632  6240368
766   S25W130     -24.9990     -20.0010    -129.9990    -125.0010    15132  6234868
767   S25W135     -24.9990     -20.0010    -134.9990    -130.0010    48161  6201839
768   S25W140     -24.9990     -20.0010    -139.9990    -135.0010   160609  6089391
769   S25W145     -24.9990     -20.0010    -144.9990    -140.0010    50333  6199667
770   S25W150     -24.9990     -20.0010    -149.9990    -145.0010    33996  6216004
771   S25W155     -24.9990     -20.0010    -154.9990    -150.0010    34970  6215030
772   S25W160     -24.9990     -20.0010    -159.9990    -155.0010    50047  6199953
773   S25W175     -24.9990     -20.0010    -174.9990    -170.0010    80977  6169023
774   S25W180     -24.9990     -20.0010    -179.9990    -175.0010    88325  6161675
775   S30E010     -29.9990     -25.0010      10.0010      14.9990    81011  6168989
776   S30E015     -29.9990     -25.0010      15.0010      19.9990  5425610   824390
777   S30E020     -29.9990     -25.0010      20.0010      24.9990  6250000        0
778   S30E025     -29.9990     -25.0010      25.0010      29.9990  6250000        0
779   S30E030     -29.9990     -25.0010      30.0010      34.9990  3256619  2993381
780   S30E040     -29.9990     -25.0010      40.0010      44.9990    98456  6151544
781   S30E045     -29.9990     -25.0010      45.0010      49.9990   231606  6018394
782   S30E110     -29.9990     -25.0010     110.0010     114.9990  1377545  4872455
783   S30E115     -29.9990     -25.0010     115.0010     119.9990  6250000        0
784   S30E120     -29.9990     -25.0010     120.0010     124.9990  6250000        0
785   S30E125     -29.9990     -25.0010     125.0010     129.9990  6250000        0
786   S30E130     -29.9990     -25.0010     130.0010     134.9990  6250000        0
787   S30E135     -29.9990     -25.0010     135.0010     139.9990  6250000        0
788   S30E140     -29.9990     -25.0010     140.0010     144.9990  6250000        0
789   S30E145     -29.9990     -25.0010     145.0010     149.9990  6250000        0
790   S30E150     -29.9990     -25.0010     150.0010     154.9990  4296555  1953445
791   S30E165     -29.9990     -25.0010     165.0010     169.9990    17999  6232001
792   S30W050     -29.9990     -25.0010     -49.9990     -45.0010  1674205  4575795
793   S30W055     -29.9990     -25.0010     -54.9990     -50.0010  6249881      119
794   S30W060     -29.9990     -25.0010     -59.9990     -55.0010  6250000        0
795   S30W065     -29.9990     -25.0010     -64.9990     -60.0010  6250000        0
796   S30W070     -29.9990     -25.0010     -69.9990     -65.0010  6250000        0
797   S30W075     -29.9990     -25.0010     -74.9990     -70.0010  1401430  4848570
798   S30W080     -29.9990     -25.0010     -79.9990     -75.0010    10077  6239923
799   S30W085     -29.9990     -25.0010     -84.9990     -80.0010     9735  6240265
800   S30W110     -29.9990     -25.0010    -109.9990    -105.0010    34887  6215113
801   S30W130     -29.9990     -25.0010    -129.9990    -125.0010      173  6249827
802   S30W135     -29.9990     -25.0010    -134.9990    -130.0010     8574  6241426
803   S30W145     -29.9990     -25.0010    -144.9990    -140.0010    25461  6224539
804   S30W180     -29.9990     -25.0010    -179.9990    -175.0010    17067  6232933
805   S35E015     -34.9990     -30.0010      15.0010      19.9990  2443647  3806353
806   S35E020     -34.9990     -30.0010      20.0010      24.9990  5431520   818480
807   S35E025     -34.9990     -30.0010      25.0010      29.9990  3951165  2298835
808   S35E030     -34.9990     -30.0010      30.0010      34.9990   207517  6042483
809   S35E110     -34.9990     -30.0010     110.0010     114.9990    38523  6211477
810   S35E115     -34.9990     -30.0010     115.0010     119.9990  5649461   600539
811   S35E120     -34.9990     -30.0010     120.0010     124.9990  4967128  1282872
812   S35E125     -34.9990     -30.0010     125.0010     129.9990  2764763  3485237
813   S35E130     -34.9990     -30.0010     130.0010     134.9990  2953804  3296196
814   S35E135     -34.9990     -30.0010     135.0010     139.9990  5867173   382827
815   S35E140     -34.9990     -30.0010     140.0010     144.9990  6250000        0
816   S35E145     -34.9990     -30.0010     145.0010     149.9990  6250000        0
817   S35E150     -34.9990     -30.0010     150.0010     154.9990  2824537  3425463
818   S35E155     -34.9990     -30.0010     155.0010     159.9990    24160  6225840
819   S35E170     -34.9990     -30.0010     170.0010     174.9990   132642  6117358
820   S35W055     -34.9990     -30.0010     -54.9990     -50.0010  3598466  2651534
821   S35W060     -34.9990     -30.0010     -59.9990     -55.0010  6105014   144986
822   S35W065     -34.9990     -30.0010     -64.9990     -60.0010  6250000        0
823   S35W070     -34.9990     -30.0010     -69.9990     -65.0010  6250000        0
824   S35W075     -34.9990     -30.0010     -74.9990     -70.0010  2265836  3984164
825   S35W080     -34.9990     -30.0010     -79.9990     -75.0010    21783  6228217
826   S35W085     -34.9990     -30.0010     -84.9990     -80.0010    16327  6233673
827   S35W180     -34.9990     -30.0010    -179.9990    -175.0010    26321  6223679
828   S40E075     -39.9990     -35.0010      75.0010      79.9990    27314  6222686
829   S40E115     -39.9990     -35.0010     115.0010     119.9990    84058  6165942
830   S40E135     -39.9990     -35.0010     135.0010     139.9990   875514  5374486
831   S40E140     -39.9990     -35.0010     140.0010     144.9990  4381440  1868560
832   S40E145     -39.9990     -35.0010     145.0010     149.9990  4332717  1917283
833   S40E150     -39.9990     -35.0010     150.0010     154.9990   200749  6049251
834   S40E170     -39.9990     -35.0010     170.0010     174.9990  1075199  5174801
835   S40E175     -39.9990     -35.0010     175.0010     179.9990  2143738  4106262
836   S40W015     -39.9990     -35.0010     -14.9990     -10.0010    41889  6208111
837   S40W055     -39.9990     -35.0010     -54.9990     -50.0010     2341  6247659
838   S40W060     -39.9990     -35.0010     -59.9990     -55.0010  2690267  3559733
839   S40W065     -39.9990     -35.0010     -64.9990     -60.0010  5796861   453139
840   S40W070     -39.9990     -35.0010     -69.9990     -65.0010  6250000        0
841   S40W075     -39.9990     -35.0010     -74.9990     -70.0010  4144940  2105060
842   S45E140     -44.9990     -40.0010     140.0010     144.9990   183304  6066696
843   S45E145     -44.9990     -40.0010     145.0010     149.9990  2258699  3991301
844   S45E165     -44.9990     -40.0010     165.0010     169.9990   751381  5498619
845   S45E170     -44.9990     -40.0010     170.0010     174.9990  2711573  3538427
846   S45E175     -44.9990     -40.0010     175.0010     179.9990   557826  5692174
847   S45W010     -44.9990     -40.0010      -9.9990      -5.0010    13609  6236391
848   S45W015     -44.9990     -40.0010     -14.9990     -10.0010    13601  6236399
849   S45W065     -44.9990     -40.0010     -64.9990     -60.0010  1186318  5063682
850   S45W070     -44.9990     -40.0010     -69.9990     -65.0010  6164054    85946
851   S45W075     -44.9990     -40.0010     -74.9990     -70.0010  5201386  1048614
852   S45W080     -44.9990     -40.0010     -79.9990     -75.0010    21788  6228212
853   S45W180     -44.9990     -40.0010    -179.9990    -175.0010   150017  6099983
854   S50E035     -49.9990     -45.0010      35.0010      39.9990    53345  6196655
855   S50E050     -49.9990     -45.0010      50.0010      54.9990    93037  6156963
856   S50E065     -49.9990     -45.0010      65.0010      69.9990   403282  5846718
857   S50E070     -49.9990     -45.0010      70.0010      74.9990   112310  6137690
858   S50E165     -49.9990     -45.0010     165.0010     169.9990  1524491  4725509
859   S50E170     -49.9990     -45.0010     170.0010     174.9990   257522  5992478
860   S50E175     -49.9990     -45.0010     175.0010     179.9990    26284  6223716
861   S50W070     -49.9990     -45.0010     -69.9990     -65.0010  4091967  2158033
862   S50W075     -49.9990     -45.0010     -74.9990     -70.0010  6153097    96903
863   S50W080     -49.9990     -45.0010     -79.9990     -75.0010   546491  5703509
864   S55E000     -54.9990     -50.0010       0.0010       4.9990    18801  6231199
865   S55E065     -54.9990     -50.0010      65.0010      69.9990     4812  6245188
866   S55E070     -54.9990     -50.0010      70.0010      74.9990    71335  6178665
867   S55E155     -54.9990     -50.0010     155.0010     159.9990    31803  6218197
868   S55E165     -54.9990     -50.0010     165.0010     169.9990   107969  6142031
869   S55W035     -54.9990     -50.0010     -34.9990     -30.0010     4693  6245307
870   S55W040     -54.9990     -50.0010     -39.9990     -35.0010   341579  5908421
871   S55W060     -54.9990     -50.0010     -59.9990     -55.0010   614190  5635810
872   S55W065     -54.9990     -50.0010     -64.9990     -60.0010   462122  5787878
873   S55W070     -54.9990     -50.0010     -69.9990     -65.0010  2567500  3682500
874   S55W075     -54.9990     -50.0010     -74.9990     -70.0010  5366170   883830
875   S55W080     -54.9990     -50.0010     -79.9990     -75.0010   225740  6024260
876   S60E155     -59.9990     -55.0010     155.0010     159.9990     8166  6241834
877   S60W035     -59.9990     -55.0010     -34.9990     -30.0010     8807  6241193
878   S60W040     -59.9990     -55.0010     -39.9990     -35.0010     3755  6246245
879   S60W065     -59.9990     -55.0010     -64.9990     -60.0010      528  6249472
880   S60W070     -59.9990     -55.0010     -69.9990     -65.0010   688024  5561976
881   S60W075     -59.9990     -55.0010     -74.9990     -70.0010   106097  6143903
